332
330
331
326
331
323
329
319
329
316
329
314
327
311
328
307
327
305
326
303
323
301
322
300
320
299
317
298
315
297
313
297
309
298
306
299
303
300
299
299
297
299
293
299
291
298
227
217
229
214
230
214
230
213
232
211
233
208
233
211
232
211
232
211
231
211
231
213
230
214
226
216
226
217
225
221
221
222
221
223
219
225
218
222
216
227
215
228
29
211
228
211
224
214
222
216
222
219
220
218
219
222
217
222
216
223
215
225
212
227
212
227
211
228
210
229
208
230
207
230
208
228
209
229
209
227
210
228
210
227
211
224
213
221
216
221
219
219
218
219
222
215
223
227
211
229
210
230
209
229
207
228
207
230
208
229
210
228
210
228
210
226
212
224
214
223
217
221
218
217
220
218
220
217
223
216
224
212
226
212
227
211
228
211
229
208
230
208
230
208
228
208
229
209
229
210
229
210
227
211
227
213
224
213
223
218
220
220
219
220
218
221
216
222
215
225
213
225
213
226
212
228
210
230
209
230
207
229
208
227
208
230
210
228
208
229
210
228
212
229
209
229
208
230
208
230
208
229
209
228
210
229
210
228
211
225
212
223
215
223
218
220
220
219
218
218
222
216
223
214
224
214
224
212
227
212
228
207
229
209
229
208
230
208
230
206
229
209
228
210
228
210
228
211
224
214
223
216
222
218
220
220
219
220
217
223
216
222
214
224
213
226
212
227
211
228
207
229
208
230
208
229
208
