271
263
271
260
272
259
272
256
272
254
273
251
272
251
272
249
271
248
270
247
269
248
267
248
265
248
262
249
260
248
258
252
255
253
252
253
251
255
248
254
246
256
242
257
243
256
241
258
238
258
236
258
236
257
236
257
234
256
234
255
233
254
235
252
235
248
237
247
238
244
240
242
241
240
243
238
244
236
243
234
246
230
246
231
246
229
246
228
248
225
248
226
247
225
245
225
246
225
245
225
244
226
240
228
239
229
0
208
230
208
230
208
228
209
229
208
228
210
226
212
223
214
224
216
221
219
219
220
218
221
217
222
215
224
214
224
213
226
210
226
210
229
209
227
208
229
208
230
206
230
208
228
208
229
209
228
208
226
213
223
215
222
217
220
217
219
221
218
223
216
222
215
224
214
225
212
227
211
227
210
229
208
227
207
230
208
230
207
229
207
227
209
229
210
227
209
224
213
224
216
221
219
219
217
218
220
216
223
215
222
214
225
213
226
212
227
210
227
209
228
208
230
207
229
208
229
206
229
209
229
208
227
210
225
210
224
214
223
217
219
219
219
218
217
222
215
222
213
224
213
226
212
226
211
228
207
228
209
228
208
229
207
229
206
229
208
228
209
228
209
227
211
224
211
223
215
221
217
217
219
218
218
216
222
215
223
212
225
212
226
211
227
210
228
206
227
208
229
