249
238
248
239
246
242
243
241
242
243
240
244
237
245
236
244
234
247
233
246
229
248
229
247
228
248
227
248
224
248
226
247
226
246
226
246
226
244
228
240
229
239
230
237
233
235
234
233
235
231
236
229
236
228
238
225
239
225
239
222
240
222
241
221
241
219
240
217
240
218
240
219
238
220
238
219
237
221
234
223
231
225
231
227
229
227
228
229
226
232
224
231
223
231
221
234
219
235
218
236
217
235
216
237
214
237
215
236
215
236
216
234
216
235
215
233
218
230
219
228
221
228
224
225
223
225
226
221
228
221
228
219
227
218
231
216
232
214
233
214
232
213
233
212
234
211
234
212
232
213
232
213
232
212
231
215
228
217
227
219
225
221
223
223
222
224
220
225
219
225
218
228
216
230
215
230
212
231
213
232
211
232
211
232
209
232
211
232
212
231
212
231
210
229
214
226
216
224
219
224
220
222
220
221
223
218
224
217
224
216
227
214
229
213
229
213
230
212
231
209
