249
238
248
239
246
242
243
241
242
243
240
244
237
245
236
244
234
247
233
246
229
248
229
247
228
248
227
248
224
248
226
247
226
246
226
246
226
244
228
240
229
239
230
237
233
235
234
233
235
231
236
229
236
228
238
225
239
225
239
222
240
222
241
221
241
219
240
217
240
218
240
219
238
220
238
219
237
221
234
223
231
225
231
227
229
227
228
229
226
232
224
231
223
231
221
234
219
235
218
236
217
235
216
237
214
237
215
236
215
236
216
234
216
235
215
233
218
230
219
228
221
228
224
225
223
225
226
221
228
221
228
219
227
218
231
216
232
214
233
214
232
213
233
212
234
211
234
212
232
213
232
213
232
212
231
215
228
217
227
219
225
221
223
223
222
224
220
225
219
225
218
228
216
230
215
230
212
231
213
232
211
232
211
232
209
232
211
232
212
231
212
231
210
229
214
226
216
224
219
224
220
222
220
221
223
218
224
217
224
216
227
214
229
213
229
213
230
212
231
209
3
227
212
227
208
228
210
230
208
229
209
230
208
230
208
229
210
226
209
228
210
227
210
224
214
222
217
221
219
220
220
218
222
217
224
216
223
214
226
212
227
211
227
210
228
210
229
208
228
207
230
208
230
207
229
209
226
209
228
211
226
211
224
214
222
217
220
219
219
217
217
222
215
222
213
224
213
224
212
226
211
227
210
227
209
228
207
230
207
229
207
229
207
228
208
228
208
227
210
224
212
223
215
222
217
218
219
219
217
217
222
215
221
211
224
212
224
212
225
210
227
206
228
207
228
207
229
207
229
206
229
208
228
208
227
208
227
210
224
213
223
215
221
217
218
218
218
219
215
222
214
222
211
224
212
224
211
224
209
226
206
228
207
