327
317
327
313
327
311
325
308
325
305
324
301
323
300
321
299
320
297
318
296
316
295
313
295
310
294
306
295
304
296
300
297
297
296
294
296
291
296
288
296
285
297
282
296
281
296
277
296
275
295
272
294
271
293
270
290
270
290
268
288
268
286
269
282
269
280
270
279
270
275
273
272
273
270
273
267
273
264
274
262
275
260
274
259
274
256
274
254
274
252
273
251
273
250
270
250
270
250
269
249
267
250
261
251
262
252
259
253
256
255
253
256
251
257
249
254
247
258
245
258
243
258
241
258
240
259
238
259
235
258
237
257
236
257
236
256
235
255
236
252
237
249
237
248
